0 0.21077316581849026 0.09180806938159879 0.07888040712468192 0.18778280542986422
0 0.286327131043257 0.09237368024132728 0.08579834605597965 0.1889140271493212
0 0.36768580364715864 0.0935049019607843 0.07718405428329089 0.19117647058823525
0 0.9445120335029685 0.20210218702865757 0.10785093299406281 0.3314479638009049
0 0.8358791878710772 0.20719268476621414 0.15521628498727733 0.33710407239819
0 0.69762643129771 0.20662707390648566 0.12637828668363013 0.32239819004524883
0 0.5767612913486005 0.20210218702865762 0.1255301102629347 0.3201357466063348
0 0.4558961513994911 0.19531485671191548 0.11789652247667513 0.3133484162895927
0 0.690841019932146 0.026197209653092007 0.06022052586938083 0.05656108597285068
0 0.7536060750636132 0.04486236802413272 0.06022052586938083 0.09389140271493211
