0 0.7591192217981341 0.05617458521870286 0.06446140797285836 0.11651583710407239
0 0.6984746077184054 0.04090309200603318 0.05852417302798978 0.08144796380090497
0 0.9496010920271417 0.23321078431372547 0.09767281594571671 0.332579185520362
0 0.8460573049194233 0.238301282051282 0.1586089906700594 0.34049773755656104
0 0.7069563719253605 0.2275546757164404 0.13655640373197625 0.3212669683257918
0 0.5852430555555556 0.22020173453996977 0.13061916878710775 0.32466063348416285
0 0.46225747455470734 0.21171757164404217 0.11704834605597965 0.3122171945701357
0 0.37404712680237484 0.1014234539969834 0.07463952502120441 0.20701357466063344
0 0.293112542408821 0.09972662141779787 0.08722964376590331 0.20135746606334837
0 0.2154381361323155 0.09802978883861237 0.0763358778625954 0.20022624434389139
