0 0.32994195292620865 0.01318815987933635 0.028837998303647173 0.030542986425339366
0 0.46649835665818484 0.017713046757164404 0.030534351145038132 0.03959276018099547
0 0.5373210877862595 0.11612933634992458 0.08057675996607294 0.19343891402714936
0 0.6055992896522476 0.12065422322775261 0.08481764206955048 0.18891402714932123
0 0.6849037849872772 0.1268759426847662 0.08227311280746391 0.19909502262443432
0 0.7561506043256998 0.2275546757164404 0.14334181509754035 0.29185520361990946
0 0.8846493320610688 0.24395739064856706 0.16115351993214588 0.3133484162895927
0 0.9610514737065309 0.25640082956259425 0.07477205258693811 0.3201357466063348
0 0.734946193808312 0.023934766214177974 0.029686174724342696 0.05203619909502261
0 0.5852430555555556 0.01658182503770739 0.033927056827820226 0.035067873303167414
0 0.5525882633587786 0.015450603318250378 0.031382527565733655 0.03280542986425339
