0 0.9415434160305344 0.20662707390648566 0.1137881679389313 0.32466063348416285
0 0.8295178647158608 0.21907051282051276 0.15267175572519084 0.3291855203619909
0 0.7528241624257845 0.053346530920060316 0.061784351145038136 0.11085972850678731
0 0.6916891963528414 0.03015648567119155 0.06022052586938083 0.06447963800904977
0 0.692537372773537 0.21624245852187027 0.12468193384223919 0.3099547511312217
0 0.5763372031382528 0.21567684766214176 0.12298558100084814 0.3042986425339366
0 0.4567443278201866 0.21228318250377073 0.11280746395250213 0.3042986425339366
0 0.3702303329092452 0.10877639517345399 0.07209499575911793 0.20588235294117643
0 0.29304627862595417 0.10990761689291098 0.08227311280746395 0.19909502262443435
0 0.2154381361323155 0.10934200603318248 0.07294317217981339 0.19796380090497734
0 0.1382540818490246 0.011491327300150829 0.03223070398642918 0.027149321266968326
