0 0.25869513358778623 0.012056938159879335 0.030534351145038177 0.02828054298642534
0 0.40076468405428334 0.016016214177978882 0.02968617472434265 0.03619909502262443
0 0.4715874151823579 0.11443250377073906 0.07463952502120437 0.1855203619909502
0 0.5390174406276506 0.11782616892911009 0.0788804071246819 0.19004524886877824
0 0.6174737595419848 0.12348227752639516 0.08990670059372352 0.2013574660633484
0 0.6891446670907548 0.22189856711915532 0.1314673452078032 0.2918552036199094
0 0.8142506891433418 0.22642345399698335 0.1509754028837998 0.3099547511312217
0 0.9279725932994062 0.2439573906485671 0.14092981340118751 0.3156108597285068
0 0.9533516221374045 0.043731146304675714 0.07633587786259532 0.08710407239819003
0 0.664971639100933 0.01940987933634992 0.030534351145038132 0.04298642533936651
0 0.5178130301102629 0.01318815987933635 0.03477523324851566 0.02828054298642534
0 0.4838859732824428 0.01318815987933635 0.02798982188295165 0.030542986425339366
