0 0.1446154050042409 0.010360105580693814 0.03477523324851568 0.024886877828054293
0 0.29219810220525866 0.009794494720965307 0.03647158608990671 0.02375565610859728
0 0.36386900975402886 0.09746417797888385 0.06955046649703137 0.1945701357466063
0 0.43681218193384225 0.09916101055806936 0.07803223070398642 0.19570135746606332
0 0.5122998833757422 0.09746417797888385 0.07463952502120437 0.19909502262443435
0 0.5873634966072944 0.192486802413273 0.11789652247667518 0.2986425339366516
0 0.7120454304495335 0.19588046757164404 0.13316369804919423 0.30769230769230765
0 0.836303276081425 0.1987085218702866 0.13740458015267176 0.3178733031674208
0 0.9457842981340119 0.19814291101055806 0.10530640373197625 0.332579185520362
0 0.8422405110262935 0.021672322775263948 0.061068702290076264 0.04751131221719456
0 0.9067019189991519 0.04542797888386123 0.06276505513146731 0.09502262443438912
