0 0.9623237383375742 0.19248680241327298 0.07222752332485154 0.3167420814479638
0 0.8015280428329092 0.047690422322775254 0.0593723494486853 0.09954751131221717
0 0.7387629877014419 0.023369155354449472 0.061068702290076354 0.04864253393665158
0 0.8710785093299407 0.2043646304675716 0.15945716709075494 0.333710407239819
0 0.7340980173876166 0.20493024132730014 0.1348600508905852 0.3167420814479638
0 0.6157774067005937 0.20549585218702865 0.12383375742154366 0.3156108597285068
0 0.49406409033078874 0.2026677978883861 0.11789652247667518 0.3031674208144796
0 0.03308020568278202 0.01318815987933635 0.0356234096692112 0.030542986425339366
0 0.19041693172179813 0.012056938159879335 0.0330788804071247 0.02828054298642534
0 0.4143355067854113 0.1019890648567119 0.07379134860050889 0.20814479638009045
0 0.33757554071246815 0.10425150829562595 0.07803223070398642 0.2013574660633484
0 0.26420828032230703 0.10425150829562595 0.07209499575911789 0.2013574660633484
