0 0.010033662001696352 0.023934766214177974 0.023192324003392703 0.04298642533936651
0 0.037321087786259546 0.04146870286576168 0.033078880407124686 0.05316742081447962
0 0.9469902989821883 0.07879901960784313 0.06785411365564045 0.11425339366515835
0 0.8340370547073791 0.03072209653092006 0.03702820186598821 0.06561085972850678
0 0.42620997667514837 0.02845965309200603 0.02374893977947412 0.05203619909502261
0 0.14419131679389313 0.04882164404223227 0.04156064461407974 0.06787330316742081
0 0.16073075699745548 0.048256033182503766 0.03223070398642918 0.06900452488687782
0 0.27693092663273966 0.04316553544494721 0.03901611535199323 0.056561085972850686
0 0.30534483672603896 0.03864064856711915 0.02968617472434265 0.06108597285067873
0 0.3757434796437659 0.04090309200603318 0.03816793893129771 0.07239819004524886
0 0.40118877226463107 0.03977187028657616 0.031382527565733696 0.07239819004524886
