0 0.19847460771840542 0.012056938159879335 0.03223070398642918 0.02828054298642534
0 0.34224051102629344 0.01488499245852187 0.031382527565733655 0.033936651583710405
0 0.4151836832061069 0.10538273001508296 0.06870229007633584 0.18778280542986422
0 0.4843100614927905 0.11217006033182503 0.07124681933842236 0.1945701357466063
0 0.6352854643765904 0.20775829562594267 0.12213740458015261 0.2929864253393665
0 0.7582710453774385 0.21115196078431372 0.13910093299406281 0.3042986425339366
0 0.88252889100933 0.22189856711915534 0.14843087362171323 0.3190045248868778
0 0.9698910623409671 0.23321078431372547 0.055131467345207776 0.3009049773755656
0 0.8939792726887191 0.03864064856711916 0.06955046649703132 0.07692307692307691
0 0.9614092981340119 0.058437028657616887 0.06530958439355387 0.11877828054298642
0 0.5611362913486005 0.10934200603318248 0.07705152671755729 0.19117647058823523
