0 0.4100946246819339 0.01827865761689291 0.031382527565733696 0.04072398190045248
0 0.5470751166242579 0.024500377073906482 0.033927056827820226 0.053167420814479636
0 0.6149292302798982 0.13026960784313726 0.08481764206955048 0.1855203619909502
0 0.6840556085665819 0.1347944947209653 0.09245122985581 0.18778280542986422
0 0.762511927480916 0.13875377073906486 0.10008481764206945 0.20022624434389139
0 0.836303276081425 0.24735105580693814 0.15606446140797284 0.2952488687782805
0 0.9398470631891434 0.2626225490196078 0.1171808736217134 0.3122171945701357
0 0.8214601887192536 0.03072209653092006 0.034775233248515745 0.06561085972850678
0 0.6670920801526719 0.02167232277526395 0.03477523324851566 0.045248868778280535
0 0.6340131997455472 0.017147435897435895 0.029686174724342696 0.03846153846153846
