0 0.10687155428329093 0.02336915535444947 0.02714164546225616 0.050904977375565603
0 0.04071379346904156 0.014319381598793363 0.02205258693808312 0.03280542986425339
0 0.016540765479219677 0.011491327300150829 0.022900763358778622 0.027149321266968326
0 0.3155229537743851 0.03355015082956259 0.037319762510602185 0.07126696832579185
0 0.4177282124681934 0.025631598793363495 0.026293469041560602 0.05542986425339366
0 0.3748953032230704 0.0092288838612368 0.015267175572519066 0.022624434389140267
0 0.5470751166242578 0.027894042232277524 0.03223070398642918 0.059954751131221715
0 0.7421556933842239 0.02280354449472096 0.033927056827820226 0.04977375565610859
0 0.9363880937234944 0.025631598793363495 0.03562340966921127 0.05542986425339366
0 0.49194364927905004 0.017147435897435895 0.022052586938083076 0.03846153846153846
