barrels,strongest
164 90 58
174 94 64
170 78 64
158 68 60
170 90 60
170 78 66
162 86 62

grass,bright,from 96.bmp
bitshifted 2
124 144 72
128 148 76
132 152 80
136 156 84
120 140 68

bitshift 0
135 156 81
124 144 72
136 158 83
145 168 88
142 165 85
139 162 82
149 172 90
162 194 97 * <--may be slightly diff group
121 143 71
146 164 90
142 165 87
167 200 109 *
140 163 83
140 161 86
137 158 81
132 154 79
130 154 78
130 151 74
130 147 76
129 149 77
128 145 74
158 195 92 *
.
.
.
(now out of order)
168 201 110*
163 200 97*
153 187 93*
162 198 100*




